[gd_scene load_steps=5 format=3 uid="uid://uqr4hswv6d2g"]

[ext_resource type="PackedScene" uid="uid://fqfc0dtl2xlc" path="res://models/platform-grass-large-round.glb" id="1_k36fp"]
[ext_resource type="PackedScene" uid="uid://dkw27llxh1d4w" path="res://models/grass-small.glb" id="2_dmbou"]
[ext_resource type="PackedScene" uid="uid://blqf5cwsk25xj" path="res://models/grass.glb" id="3_uynxe"]

[sub_resource type="ConcavePolygonShape3D" id="ConcavePolygonShape3D_xh0ma"]
data = PackedVector3Array(-0.9567, 0.2, 2.3097, 0, 0.2, 2.5, 0, 0, 2.25, 0, 0, 2.25, -0.861, 0, 2.0787, -0.9567, 0.2, 2.3097, 1.7678, 0.2, 1.7678, 2.3097, 0.2, 0.9567, 2.0787, 0, 0.861, 2.0787, 0, 0.861, 1.591, 0, 1.591, 1.7678, 0.2, 1.7678, 2.0787, 0, -0.861, 2.3097, 0.2, -0.9567, 1.7678, 0.2, -1.7678, 1.7678, 0.2, -1.7678, 1.591, 0, -1.591, 2.0787, 0, -0.861, -2.0787, 0, -0.861, -1.591, 0, -1.591, -1.7678, 0.2, -1.7678, -1.7678, 0.2, -1.7678, -2.3097, 0.2, -0.9567, -2.0787, 0, -0.861, -2.25, 0, 0, -2.0787, 0, -0.861, -2.3097, 0.2, -0.9567, -2.3097, 0.2, -0.9567, -2.5, 0.2, 0, -2.25, 0, 0, 2.25, 0, 0, 2.5, 0.2, 0, 2.3097, 0.2, -0.9567, 2.3097, 0.2, -0.9567, 2.0787, 0, -0.861, 2.25, 0, 0, -1.591, 0, -1.591, -0.861, 0, -2.0787, -0.9567, 0.2, -2.3097, -0.9567, 0.2, -2.3097, -1.7678, 0.2, -1.7678, -1.591, 0, -1.591, 2.3097, 0.2, 0.9567, 2.5, 0.2, 0, 2.25, 0, 0, 2.25, 0, 0, 2.0787, 0, 0.861, 2.3097, 0.2, 0.9567, -2.3097, 0.2, 0.9567, -2.0787, 0, 0.861, -2.25, 0, 0, -2.25, 0, 0, -2.5, 0.2, 0, -2.3097, 0.2, 0.9567, 0.861, 0, -2.0787, 0.9567, 0.2, -2.3097, 0, 0.2, -2.5, 0, 0.2, -2.5, 0, 0, -2.25, 0.861, 0, -2.0787, 1.591, 0, -1.591, 1.7678, 0.2, -1.7678, 0.9567, 0.2, -2.3097, 0.9567, 0.2, -2.3097, 0.861, 0, -2.0787, 1.591, 0, -1.591, 0.9567, 0.2, 2.3097, 1.7678, 0.2, 1.7678, 1.591, 0, 1.591, 1.591, 0, 1.591, 0.861, 0, 2.0787, 0.9567, 0.2, 2.3097, -0.9567, 0.2, 2.3097, -0.861, 0, 2.0787, -1.591, 0, 1.591, -1.591, 0, 1.591, -1.7678, 0.2, 1.7678, -0.9567, 0.2, 2.3097, -1.7678, 0.2, 1.7678, -1.591, 0, 1.591, -2.0787, 0, 0.861, -2.0787, 0, 0.861, -2.3097, 0.2, 0.9567, -1.7678, 0.2, 1.7678, -0.861, 0, -2.0787, 0, 0, -2.25, 0, 0.2, -2.5, 0, 0.2, -2.5, -0.9567, 0.2, -2.3097, -0.861, 0, -2.0787, 0, 0.2, 2.5, 0.9567, 0.2, 2.3097, 0.861, 0, 2.0787, 0.861, 0, 2.0787, 0, 0, 2.25, 0, 0.2, 2.5, -1.7678, 0.5, -1.7678, -1.7678, 0.2, -1.7678, -0.9567, 0.2, -2.3097, -0.9567, 0.2, -2.3097, -0.9567, 0.5, -2.3097, -1.7678, 0.5, -1.7678, 2.3097, 0.5, 0.9567, 2.5, 0.5, 0, 2.5, 0.2, 0, 2.5, 0.2, 0, 2.3097, 0.2, 0.9567, 2.3097, 0.5, 0.9567, -2.3097, 0.2, -0.9567, -1.7678, 0.2, -1.7678, -1.7678, 0.5, -1.7678, -1.7678, 0.5, -1.7678, -2.3097, 0.5, -0.9567, -2.3097, 0.2, -0.9567, 0, 0.5, 2.5, 0, 0.2, 2.5, -0.9567, 0.2, 2.3097, -0.9567, 0.2, 2.3097, -0.9567, 0.5, 2.3097, 0, 0.5, 2.5, -0.9567, 0.5, 2.3097, -0.9567, 0.2, 2.3097, -1.7678, 0.2, 1.7678, -1.7678, 0.2, 1.7678, -1.7678, 0.5, 1.7678, -0.9567, 0.5, 2.3097, -2.5, 0.2, 0, -2.3097, 0.2, -0.9567, -2.3097, 0.5, -0.9567, -2.3097, 0.5, -0.9567, -2.5, 0.5, 0, -2.5, 0.2, 0, -1.7678, 0.2, 1.7678, -2.3097, 0.2, 0.9567, -2.3097, 0.5, 0.9567, -2.3097, 0.5, 0.9567, -1.7678, 0.5, 1.7678, -1.7678, 0.2, 1.7678, 0.9567, 0.5, 2.3097, 0.9567, 0.2, 2.3097, 0, 0.2, 2.5, 0, 0.2, 2.5, 0, 0.5, 2.5, 0.9567, 0.5, 2.3097, 1.7678, 0.5, 1.7678, 2.3097, 0.5, 0.9567, 2.3097, 0.2, 0.9567, 2.3097, 0.2, 0.9567, 1.7678, 0.2, 1.7678, 1.7678, 0.5, 1.7678, 1.7678, 0.5, 1.7678, 1.7678, 0.2, 1.7678, 0.9567, 0.2, 2.3097, 0.9567, 0.2, 2.3097, 0.9567, 0.5, 2.3097, 1.7678, 0.5, 1.7678, -2.3097, 0.2, 0.9567, -2.5, 0.2, 0, -2.5, 0.5, 0, -2.5, 0.5, 0, -2.3097, 0.5, 0.9567, -2.3097, 0.2, 0.9567, 2.0787, 0, 0.861, 2.25, 0, 0, 2.0787, 0, -0.861, 2.0787, 0, -0.861, 1.591, 0, 1.591, 2.0787, 0, 0.861, 2.0787, 0, -0.861, 1.591, 0, -1.591, 1.591, 0, 1.591, 1.591, 0, -1.591, 0.861, 0, 2.0787, 1.591, 0, 1.591, 1.591, 0, -1.591, 0.861, 0, -2.0787, 0.861, 0, 2.0787, 0.861, 0, -2.0787, 0, 0, 2.25, 0.861, 0, 2.0787, 0.861, 0, -2.0787, 0, 0, -2.25, 0, 0, 2.25, 0, 0, -2.25, -0.861, 0, 2.0787, 0, 0, 2.25, 0, 0, -2.25, -0.861, 0, -2.0787, -0.861, 0, 2.0787, -0.861, 0, -2.0787, -1.591, 0, -1.591, -0.861, 0, 2.0787, -1.591, 0, -1.591, -1.591, 0, 1.591, -0.861, 0, 2.0787, -1.591, 0, -1.591, -2.0787, 0, 0.861, -1.591, 0, 1.591, -1.591, 0, -1.591, -2.0787, 0, -0.861, -2.0787, 0, 0.861, -2.0787, 0, -0.861, -2.25, 0, 0, -2.0787, 0, 0.861, 0, 0.5, -2.5, 0, 0.2, -2.5, 0.9567, 0.2, -2.3097, 0.9567, 0.2, -2.3097, 0.9567, 0.5, -2.3097, 0, 0.5, -2.5, 0.9567, 0.5, -2.3097, 0.9567, 0.2, -2.3097, 1.7678, 0.2, -1.7678, 1.7678, 0.2, -1.7678, 1.7678, 0.5, -1.7678, 0.9567, 0.5, -2.3097, 2.3097, 0.5, -0.9567, 1.7678, 0.5, -1.7678, 1.7678, 0.2, -1.7678, 1.7678, 0.2, -1.7678, 2.3097, 0.2, -0.9567, 2.3097, 0.5, -0.9567, 2.5, 0.5, 0, 2.3097, 0.5, -0.9567, 2.3097, 0.2, -0.9567, 2.3097, 0.2, -0.9567, 2.5, 0.2, 0, 2.5, 0.5, 0, 2.3097, 0.5, -0.9567, 2.5, 0.5, 0, 2.3097, 0.5, 0.9567, 2.3097, 0.5, 0.9567, 2.2961, 0.5, 0, 2.3097, 0.5, -0.9567, 2.2961, 0.5, 0, 2.1213, 0.5, -0.8787, 2.3097, 0.5, -0.9567, 2.1213, 0.5, 0.8787, 2.2961, 0.5, 0, 2.3097, 0.5, 0.9567, 2.1213, 0.5, -0.8787, 1.7678, 0.5, -1.7678, 2.3097, 0.5, -0.9567, 2.3097, 0.5, 0.9567, 1.7678, 0.5, 1.7678, 2.1213, 0.5, 0.8787, 2.1213, 0.5, -0.8787, 1.6236, 0.5, -1.6236, 1.7678, 0.5, -1.7678, 1.7678, 0.5, 1.7678, 1.6236, 0.5, 1.6236, 2.1213, 0.5, 0.8787, 1.6236, 0.5, -1.6236, 0.9567, 0.5, -2.3097, 1.7678, 0.5, -1.7678, 1.7678, 0.5, 1.7678, 0.9567, 0.5, 2.3097, 1.6236, 0.5, 1.6236, 1.6236, 0.5, -1.6236, 0.8787, 0.5, -2.1213, 0.9567, 0.5, -2.3097, 0.9567, 0.5, 2.3097, 0.8787, 0.5, 2.1213, 1.6236, 0.5, 1.6236, 0.8787, 0.5, -2.1213, 0, 0.5, -2.5, 0.9567, 0.5, -2.3097, 0.8787, 0.5, -2.1213, 0, 0.5, -2.2961, 0, 0.5, -2.5, 0.9567, 0.5, 2.3097, 0, 0.5, 2.5, 0.8787, 0.5, 2.1213, 0, 0.5, 2.5, 0, 0.5, 2.2961, 0.8787, 0.5, 2.1213, 0, 0.5, 2.5, -0.8787, 0.5, 2.1213, 0, 0.5, 2.2961, 0, 0.5, 2.5, -0.9567, 0.5, 2.3097, -0.8787, 0.5, 2.1213, -0.9567, 0.5, 2.3097, -1.6236, 0.5, 1.6236, -0.8787, 0.5, 2.1213, -0.9567, 0.5, 2.3097, -1.7678, 0.5, 1.7678, -1.6236, 0.5, 1.6236, -1.7678, 0.5, 1.7678, -2.1213, 0.5, 0.8787, -1.6236, 0.5, 1.6236, 0, 0.5, -2.2961, -0.9567, 0.5, -2.3097, 0, 0.5, -2.5, 0, 0.5, -2.2961, -0.8787, 0.5, -2.1213, -0.9567, 0.5, -2.3097, -0.8787, 0.5, -2.1213, -1.6236, 0.5, -1.6236, -0.9567, 0.5, -2.3097, -1.6236, 0.5, -1.6236, -1.7678, 0.5, -1.7678, -0.9567, 0.5, -2.3097, -1.6236, 0.5, -1.6236, -2.1213, 0.5, -0.8787, -1.7678, 0.5, -1.7678, -1.7678, 0.5, 1.7678, -2.3097, 0.5, 0.9567, -2.1213, 0.5, 0.8787, -2.1213, 0.5, -0.8787, -2.3097, 0.5, -0.9567, -1.7678, 0.5, -1.7678, -2.3097, 0.5, 0.9567, -2.2961, 0.5, 0, -2.1213, 0.5, 0.8787, -2.1213, 0.5, -0.8787, -2.2961, 0.5, 0, -2.3097, 0.5, -0.9567, -2.3097, 0.5, 0.9567, -2.3097, 0.5, -0.9567, -2.2961, 0.5, 0, -2.3097, 0.5, 0.9567, -2.5, 0.5, 0, -2.3097, 0.5, -0.9567, -0.9567, 0.5, -2.3097, -0.9567, 0.2, -2.3097, 0, 0.2, -2.5, 0, 0.2, -2.5, 0, 0.5, -2.5, -0.9567, 0.5, -2.3097, 2.1213, 0.5, -0.8787, 2.2961, 0.5, 0, 2.1213, 0.5, 0.8787, 2.1213, 0.5, 0.8787, 1.6236, 0.5, -1.6236, 2.1213, 0.5, -0.8787, 2.1213, 0.5, 0.8787, 1.6236, 0.5, 1.6236, 1.6236, 0.5, -1.6236, 1.6236, 0.5, 1.6236, 0.8787, 0.5, -2.1213, 1.6236, 0.5, -1.6236, 1.6236, 0.5, 1.6236, 0.8787, 0.5, 2.1213, 0.8787, 0.5, -2.1213, 0.8787, 0.5, 2.1213, 0, 0.5, -2.2961, 0.8787, 0.5, -2.1213, 0.8787, 0.5, 2.1213, 0, 0.5, 2.2961, 0, 0.5, -2.2961, 0, 0.5, 2.2961, -0.8787, 0.5, 2.1213, 0, 0.5, -2.2961, -0.8787, 0.5, 2.1213, -0.8787, 0.5, -2.1213, 0, 0.5, -2.2961, -0.8787, 0.5, 2.1213, -1.6236, 0.5, -1.6236, -0.8787, 0.5, -2.1213, -0.8787, 0.5, 2.1213, -1.6236, 0.5, 1.6236, -1.6236, 0.5, -1.6236, -1.6236, 0.5, 1.6236, -2.1213, 0.5, -0.8787, -1.6236, 0.5, -1.6236, -1.6236, 0.5, 1.6236, -2.1213, 0.5, 0.8787, -2.1213, 0.5, -0.8787, -2.1213, 0.5, 0.8787, -2.2961, 0.5, 0, -2.1213, 0.5, -0.8787)

[node name="platform-grass-large-round" instance=ExtResource("1_k36fp")]

[node name="grass-small" parent="." index="0" instance=ExtResource("2_dmbou")]
transform = Transform3D(1, 0, 0, 0, 1, 0, 0, 0, 1, -3.33068, 0.495496, 4.08559)

[node name="grass-small2" parent="." index="1" instance=ExtResource("2_dmbou")]
transform = Transform3D(0.352495, 0, -0.935814, 0, 1, 0, 0.935814, 0, 0.352495, 1.13637, 0.495496, 4.08559)

[node name="grass" parent="." index="2" instance=ExtResource("3_uynxe")]
transform = Transform3D(1, 0, 0, 0, 1, 0, 0, 0, 1, 3.66267, 0.443581, 3.83396)

[node name="grass3" parent="." index="3" instance=ExtResource("3_uynxe")]
transform = Transform3D(1, 0, 0, 0, 1, 0, 0, 0, 1, -0.224619, 0.443581, 0.451932)

[node name="grass4" parent="." index="4" instance=ExtResource("3_uynxe")]
transform = Transform3D(0.742432, 0, 0.669921, 0, 1, 0, -0.669921, 0, 0.742432, 2.96463, 0.443581, 2.23451)

[node name="grass2" parent="." index="5" instance=ExtResource("3_uynxe")]
transform = Transform3D(-0.402795, 0, 0.91529, 0, 1, 0, -0.91529, 0, -0.402795, 2.39318, 0.466624, -4.4154)

[node name="grass-small13" parent="." index="6" instance=ExtResource("2_dmbou")]
transform = Transform3D(1, 0, 0, 0, 1, 0, 0, 0, 1, -16.7734, 0.495496, 4.08559)

[node name="grass-small14" parent="." index="7" instance=ExtResource("2_dmbou")]
transform = Transform3D(0.352495, 0, -0.935814, 0, 1, 0, 0.935814, 0, 0.352495, -3.60211, 0.495496, -8.49426)

[node name="grass25" parent="." index="8" instance=ExtResource("3_uynxe")]
transform = Transform3D(1, 0, 0, 0, 1, 0, 0, 0, 1, -9.78001, 0.443581, 3.83396)

[node name="grass26" parent="." index="9" instance=ExtResource("3_uynxe")]
transform = Transform3D(1, 0, 0, 0, 1, 0, 0, 0, 1, -13.6673, 0.443581, 0.451932)

[node name="grass27" parent="." index="10" instance=ExtResource("3_uynxe")]
transform = Transform3D(0.742432, 0, 0.669921, 0, 1, 0, -0.669921, 0, 0.742432, -7.01565, 0.443581, 11.24)

[node name="grass28" parent="." index="11" instance=ExtResource("3_uynxe")]
transform = Transform3D(-0.402795, 0, 0.91529, 0, 1, 0, -0.91529, 0, -0.402795, 7.80782, 0.466624, 7.88855)

[node name="grass-small15" parent="." index="12" instance=ExtResource("2_dmbou")]
transform = Transform3D(1, 0, 0, 0, 1, 0, 0, 0, 1, -28.8572, 0.495496, 4.08559)

[node name="grass-small16" parent="." index="13" instance=ExtResource("2_dmbou")]
transform = Transform3D(0.352495, 0, -0.935814, 0, 1, 0, 0.935814, 0, 0.352495, -7.8616, 0.495496, -19.8025)

[node name="grass29" parent="." index="14" instance=ExtResource("3_uynxe")]
transform = Transform3D(1, 0, 0, 0, 1, 0, 0, 0, 1, -21.8638, 0.443581, 3.83396)

[node name="grass30" parent="." index="15" instance=ExtResource("3_uynxe")]
transform = Transform3D(1, 0, 0, 0, 1, 0, 0, 0, 1, -25.7511, 0.443581, 0.451932)

[node name="grass31" parent="." index="16" instance=ExtResource("3_uynxe")]
transform = Transform3D(0.742432, 0, 0.669921, 0, 1, 0, -0.669921, 0, 0.742432, -15.9871, 0.443581, 19.3353)

[node name="grass32" parent="." index="17" instance=ExtResource("3_uynxe")]
transform = Transform3D(-0.402795, 0, 0.91529, 0, 1, 0, -0.91529, 0, -0.402795, 12.6751, 0.466624, 18.9488)

[node name="grass-small17" parent="." index="18" instance=ExtResource("2_dmbou")]
transform = Transform3D(1, 0, 0, 0, 1, 0, 0, 0, 1, -44.2053, 0.495496, 4.08559)

[node name="grass-small18" parent="." index="19" instance=ExtResource("2_dmbou")]
transform = Transform3D(0.352495, 0, -0.935814, 0, 1, 0, 0.935814, 0, 0.352495, -13.2717, 0.495496, -34.1654)

[node name="grass33" parent="." index="20" instance=ExtResource("3_uynxe")]
transform = Transform3D(1, 0, 0, 0, 1, 0, 0, 0, 1, -37.2119, 0.443581, 3.83396)

[node name="grass34" parent="." index="21" instance=ExtResource("3_uynxe")]
transform = Transform3D(1, 0, 0, 0, 1, 0, 0, 0, 1, -41.0992, 0.443581, 0.451932)

[node name="grass35" parent="." index="22" instance=ExtResource("3_uynxe")]
transform = Transform3D(0.742432, 0, 0.669921, 0, 1, 0, -0.669921, 0, 0.742432, -27.382, 0.443581, 29.6172)

[node name="grass36" parent="." index="23" instance=ExtResource("3_uynxe")]
transform = Transform3D(-0.402795, 0, 0.91529, 0, 1, 0, -0.91529, 0, -0.402795, 18.8573, 0.466624, 32.9967)

[node name="grass-small3" parent="." index="24" instance=ExtResource("2_dmbou")]
transform = Transform3D(1, 0, 0, 0, 1, 0, 0, 0, 1, 7.52018, 0.495496, 4.08559)

[node name="grass-small4" parent="." index="25" instance=ExtResource("2_dmbou")]
transform = Transform3D(0.352495, 0, -0.935814, 0, 1, 0, 0.935814, 0, 0.352495, 4.96124, 0.495496, 14.24)

[node name="grass5" parent="." index="26" instance=ExtResource("3_uynxe")]
transform = Transform3D(1, 0, 0, 0, 1, 0, 0, 0, 1, 14.5135, 0.443581, 3.83396)

[node name="grass6" parent="." index="27" instance=ExtResource("3_uynxe")]
transform = Transform3D(1, 0, 0, 0, 1, 0, 0, 0, 1, 10.6262, 0.443581, 0.451932)

[node name="grass7" parent="." index="28" instance=ExtResource("3_uynxe")]
transform = Transform3D(0.742432, 0, 0.669921, 0, 1, 0, -0.669921, 0, 0.742432, 11.0207, 0.443581, -5.03471)

[node name="grass8" parent="." index="29" instance=ExtResource("3_uynxe")]
transform = Transform3D(-0.402795, 0, 0.91529, 0, 1, 0, -0.91529, 0, -0.402795, -1.97749, 0.466624, -14.3471)

[node name="grass-small5" parent="." index="30" instance=ExtResource("2_dmbou")]
transform = Transform3D(1, 0, 0, 0, 1, 0, 0, 0, 1, 7.52018, 0.495496, 15.023)

[node name="grass-small6" parent="." index="31" instance=ExtResource("2_dmbou")]
transform = Transform3D(0.352495, 0, -0.935814, 0, 1, 0, 0.935814, 0, 0.352495, -5.27415, 0.495496, 18.0954)

[node name="grass9" parent="." index="32" instance=ExtResource("3_uynxe")]
transform = Transform3D(1, 0, 0, 0, 1, 0, 0, 0, 1, 14.5135, 0.443581, 14.7714)

[node name="grass10" parent="." index="33" instance=ExtResource("3_uynxe")]
transform = Transform3D(1, 0, 0, 0, 1, 0, 0, 0, 1, 10.6262, 0.443581, 11.3894)

[node name="grass11" parent="." index="34" instance=ExtResource("3_uynxe")]
transform = Transform3D(0.742432, 0, 0.669921, 0, 1, 0, -0.669921, 0, 0.742432, 18.3479, 0.443581, 3.08558)

[node name="grass12" parent="." index="35" instance=ExtResource("3_uynxe")]
transform = Transform3D(-0.402795, 0, 0.91529, 0, 1, 0, -0.91529, 0, -0.402795, 8.03342, 0.466624, -18.7526)

[node name="grass-small7" parent="." index="36" instance=ExtResource("2_dmbou")]
transform = Transform3D(1, 0, 0, 0, 1, 0, 0, 0, 1, 7.52018, 0.495496, 28.0813)

[node name="grass-small8" parent="." index="37" instance=ExtResource("2_dmbou")]
transform = Transform3D(0.352495, 0, -0.935814, 0, 1, 0, 0.935814, 0, 0.352495, -17.4943, 0.495496, 22.6984)

[node name="grass13" parent="." index="38" instance=ExtResource("3_uynxe")]
transform = Transform3D(1, 0, 0, 0, 1, 0, 0, 0, 1, 14.5135, 0.443581, 27.8297)

[node name="grass14" parent="." index="39" instance=ExtResource("3_uynxe")]
transform = Transform3D(1, 0, 0, 0, 1, 0, 0, 0, 1, 10.6262, 0.443581, 24.4477)

[node name="grass15" parent="." index="40" instance=ExtResource("3_uynxe")]
transform = Transform3D(0.742432, 0, 0.669921, 0, 1, 0, -0.669921, 0, 0.742432, 27.0959, 0.443581, 12.7805)

[node name="grass16" parent="." index="41" instance=ExtResource("3_uynxe")]
transform = Transform3D(-0.402795, 0, 0.91529, 0, 1, 0, -0.91529, 0, -0.402795, 19.9856, 0.466624, -24.0125)

[node name="grass-small9" parent="." index="42" instance=ExtResource("2_dmbou")]
transform = Transform3D(1, 0, 0, 0, 1, 0, 0, 0, 1, 20.2955, 0.495496, 28.0813)

[node name="grass-small10" parent="." index="43" instance=ExtResource("2_dmbou")]
transform = Transform3D(0.352495, 0, -0.935814, 0, 1, 0, 0.935814, 0, 0.352495, -12.9911, 0.495496, 34.6537)

[node name="grass17" parent="." index="44" instance=ExtResource("3_uynxe")]
transform = Transform3D(1, 0, 0, 0, 1, 0, 0, 0, 1, 27.2888, 0.443581, 27.8297)

[node name="grass18" parent="." index="45" instance=ExtResource("3_uynxe")]
transform = Transform3D(1, 0, 0, 0, 1, 0, 0, 0, 1, 23.4016, 0.443581, 24.4477)

[node name="grass19" parent="." index="46" instance=ExtResource("3_uynxe")]
transform = Transform3D(0.742432, 0, 0.669921, 0, 1, 0, -0.669921, 0, 0.742432, 36.5807, 0.443581, 4.22206)

[node name="grass20" parent="." index="47" instance=ExtResource("3_uynxe")]
transform = Transform3D(-0.402795, 0, 0.91529, 0, 1, 0, -0.91529, 0, -0.402795, 14.8397, 0.466624, -35.7056)

[node name="grass-small11" parent="." index="48" instance=ExtResource("2_dmbou")]
transform = Transform3D(1, 0, 0, 0, 1, 0, 0, 0, 1, 20.2955, 0.495496, 35.4008)

[node name="grass-small12" parent="." index="49" instance=ExtResource("2_dmbou")]
transform = Transform3D(0.352495, 0, -0.935814, 0, 1, 0, 0.935814, 0, 0.352495, -19.8408, 0.495496, 37.2338)

[node name="grass21" parent="." index="50" instance=ExtResource("3_uynxe")]
transform = Transform3D(1, 0, 0, 0, 1, 0, 0, 0, 1, 27.2888, 0.443581, 35.1492)

[node name="grass22" parent="." index="51" instance=ExtResource("3_uynxe")]
transform = Transform3D(1, 0, 0, 0, 1, 0, 0, 0, 1, 23.4016, 0.443581, 31.7672)

[node name="grass23" parent="." index="52" instance=ExtResource("3_uynxe")]
transform = Transform3D(0.742432, 0, 0.669921, 0, 1, 0, -0.669921, 0, 0.742432, 41.4842, 0.443581, 9.65627)

[node name="grass24" parent="." index="53" instance=ExtResource("3_uynxe")]
transform = Transform3D(-0.402795, 0, 0.91529, 0, 1, 0, -0.91529, 0, -0.402795, 21.5392, 0.466624, -38.6538)

[node name="platform-grass-large-round2" parent="." index="54"]
transform = Transform3D(22, 0, 0, 0, 1, 0, 0, 0, 22, 0, 0, 0)

[node name="StaticBody3D" type="StaticBody3D" parent="platform-grass-large-round2" index="0"]

[node name="CollisionShape3D" type="CollisionShape3D" parent="platform-grass-large-round2/StaticBody3D" index="0"]
shape = SubResource("ConcavePolygonShape3D_xh0ma")
